,Sick,Recovered,Deceased,Vaccinated,Immune,Susceptible
0,86,0,0,0,0,914
1,91,14,2,0,14,893
2,117,35,5,0,35,843
3,136,64,11,0,64,789
4,151,95,16,0,95,738
5,170,124,20,0,124,686
6,180,158,22,0,158,640
7,202,192,27,0,192,579
8,205,238,36,40,263,496
9,215,280,44,80,332,409
10,200,322,53,120,397,350
11,189,354,65,160,452,294
12,174,395,71,200,512,243
13,136,435,82,240,566,216
14,131,450,88,280,596,185
15,98,486,94,320,639,169
16,85,504,98,360,671,146
17,71,518,102,400,694,133
18,48,539,108,440,726,118
19,39,547,110,480,742,109
20,30,552,115,520,755,100
21,25,556,116,560,771,88
22,19,562,116,600,790,75
23,18,564,117,640,804,61
24,12,570,117,680,820,51
25,12,571,117,720,830,41
26,12,571,117,760,837,34
27,10,573,117,800,846,27
28,8,575,117,840,862,13
29,7,576,117,876,876,0
30,6,577,117,877,877,0
31,6,577,117,877,877,0
32,4,578,118,878,878,0
33,3,579,118,879,879,0
34,2,580,118,880,880,0
35,2,580,118,880,880,0
36,2,580,118,880,880,0
37,2,580,118,880,880,0
38,2,580,118,880,880,0
39,2,580,118,880,880,0
40,1,581,118,881,881,0
41,1,581,118,881,881,0
42,0,582,118,882,882,0
